0.20047619047619047
0.32666666666666666
0.46736111111111106
0.25
0.46875
0.08333333333333333
0.06857142857142857
0.1
0.42063492063492064
0.0625
0.023809523809523808
0.16666666666666666
0.0
0.5
0.75
0.1111111111111111
0.0
0.3333333333333333
0.0
0.2518518518518518
0.0
0.0
0.075
0.38888888888888884
0.6388888888888888
0.09722222222222221
0.40740740740740744
0.0
0.2762345679012345
0.14285714285714285
0.0
0.0
0.6388888888888888
0.05555555555555555
0.0
0.25
0.0
0.025
0.09
0.025
0.6666666666666666
0.10666666666666666
0.3833333333333333
0.0
0.09
0.3296428571428572
0.34174603174603174
0.3083333333333333
0.0
0.0
0.1986111111111111
0.08125
0.21619047619047618
0.037037037037037035
0.014285714285714285
0.07857142857142857
0.0
0.015873015873015872
0.0
0.255
0.3
0.0
0.0
0.5
0.014285714285714285
0.02222222222222222
0.01111111111111111
0.0
0.0
0.1
0.0625
0.06190476190476191
0.4213095238095238
0.08333333333333333
0.0
0.028571428571428574
0.21428571428571427
0.7916666666666666
0.0
0.0
0.5833333333333333
0.02857142857142857
0.125
0.3
0.125
0.39285714285714285
0.0
0.6496031746031746
0.027777777777777776
0.14285714285714285
0.2111111111111111
0.3071428571428571
0.5
0.41666666666666663
0.5
0.4407142857142857
0.16666666666666666
0.0
0.20833333333333331
0.2685185185185185
0.42857142857142855
0.025
0.08333333333333333
0.1
0.3833333333333333
0.24666666666666667
0.1761904761904762
0.5674603174603174
0.0
0.027777777777777776
0.047619047619047616
0.25
0.0
0.0
0.0
0.03333333333333333
0.0
0.21666666666666667
0.5
0.1527777777777778
0.46746031746031746
0.08580246913580246
0.0
0.0
0.17619047619047618
0.20833333333333331
0.08
0.0
0.3554421768707483
0.27999999999999997
0.05277777777777778
0.4255555555555556
0.29166666666666663
0.5
0.2847222222222222
0.5
0.125
0.1
0.0
0.09722222222222221
0.08333333333333333
0.0
0.5
0.05787037037037037
0.02040816326530612
0.41666666666666663
0.24333333333333332
0.13888888888888887
0.16190476190476188
1.0
0.0
0.0
0.18027210884353742
0.5
0.08333333333333333
0.5782142857142857
0.16666666666666666
0.14583333333333331
0.017857142857142856
0.2
0.3958333333333333
0.15
0.1574074074074074
0.553125
0.5833333333333333
0.0
1.0
0.0
0.20833333333333331
0.4305555555555555
0.5555555555555555
0.6791666666666667
1.0
0.0
0.0
0.0
0.5638888888888889
0.3
0.35
0.2738095238095238
0.2
0.8333333333333333
0.5497619047619048
0.2714285714285714
0.5756613756613757
0.016666666666666666
0.125
0.3026984126984127
0.011111111111111112
0.3333333333333333
0.034722222222222224
0.6071428571428571
0.7074074074074075
0.041666666666666664
0.05555555555555555
0.01
0.3
0.3055555555555556
0.041666666666666664
0.1111111111111111
0.3543650793650793
0.13999999999999999
0.15
0.0
0.6666666666666666
0.2619047619047619
0.04
0.4518518518518519
0.05
0.19444444444444442
0.014285714285714285
0.40555555555555556
0.43
0.125
0.0
0.0
0.11499999999999999
0.08333333333333333
0.0
0.08333333333333333
0.20416666666666666
0.70679012345679
0.5527777777777778
0.017857142857142856
0.1
