0.4255555555555556
0.275
0.47152777777777777
0.375
0.0
0.125
0.10714285714285714
0.13285714285714284
0.27777777777777773
0.15
0.17261904761904762
0.03333333333333333
0.0
0.5
1.0
0.2333333333333333
0.0
0.3333333333333333
0.0
0.38121693121693123
0.0
0.0
0.22666666666666666
0.16666666666666666
0.3333333333333333
0.13095238095238096
0.0
0.0
0.1111111111111111
0.023809523809523808
0.0
0.16666666666666666
0.4888888888888889
0.3685185185185185
0.0
0.0
0.05952380952380952
0.02
0.125
0.05333333333333333
0.8333333333333334
0.16666666666666666
0.4544973544973545
0.0
0.1
0.2873015873015873
0.22063492063492066
0.13
0.125
0.08333333333333333
0.5714285714285714
0.41666666666666663
0.12222222222222223
0.0
0.19999999999999998
0.04722222222222222
0.01111111111111111
0.012345679012345678
0.0
0.4
0.4
0.0
0.03333333333333333
0.07142857142857142
0.30436507936507934
0.1
0.6361111111111111
0.05
0.025
0.01
0.0
0.0
0.30396825396825394
0.0
0.1
0.07142857142857142
0.2569444444444444
0.8055555555555555
0.05
0.0625
0.24285714285714285
0.2
0.03571428571428571
0.3
0.03125
0.5
0.0
0.594047619047619
0.08333333333333333
0.1873015873015873
0.2592592592592593
0.37797619047619047
0.3333333333333333
0.5599999999999999
0.5
0.275
0.06190476190476191
0.03333333333333333
0.13333333333333333
0.07407407407407407
0.7259259259259259
0.3214285714285714
0.0
0.03333333333333333
0.3833333333333333
0.13999999999999999
0.14285714285714285
0.33095238095238094
0.0
0.08333333333333333
0.04897959183673469
0.41666666666666663
0.25
0.0
0.05
0.05
0.0
0.4166666666666667
1.0
0.2518518518518518
0.3095238095238095
0.09259259259259259
0.1
0.0
0.11666666666666665
0.20833333333333331
0.12380952380952381
0.0
0.14285714285714285
0.5476190476190477
0.17812499999999998
0.45083333333333336
0.015873015873015872
0.25
0.4533730158730158
0.1111111111111111
0.14583333333333331
0.05
0.0
0.027777777777777776
0.027777777777777776
0.0
0.7
0.5166666666666667
0.4666666666666667
0.8333333333333333
0.1
0.21428571428571427
0.24166666666666664
0.5833333333333333
0.0
0.0
0.2523809523809524
1.0
0.16666666666666666
0.569047619047619
0.2822222222222222
0.221875
0.041666666666666664
0.0
0.25
0.041666666666666664
0.16666666666666666
0.14583333333333331
0.8333333333333333
0.0
0.45
0.07142857142857142
0.3020833333333333
0.5694444444444444
0.5138888888888888
0.6361111111111111
1.0
0.2
0.0
0.014285714285714287
0.65
0.5666666666666667
0.3125
0.33730158730158727
0.2
0.45
0.26269841269841265
0.19999999999999998
0.6666666666666666
0.15119047619047618
0.06481481481481481
0.3708333333333333
0.027777777777777776
0.25
0.4514285714285714
0.525
0.5034391534391535
0.041666666666666664
0.03333333333333333
0.01111111111111111
0.42857142857142855
0.5
0.020833333333333332
0.0
0.016666666666666666
0.22111111111111112
0.13999999999999999
0.014285714285714285
0.16666666666666666
0.05555555555555555
0.3
0.498015873015873
0.01111111111111111
0.27777777777777773
0.04523809523809523
0.4714285714285714
0.6
0.08333333333333333
0.0
0.0
0.1775
0.315
0.03333333333333333
0.15
0.12
0.5814814814814814
0.575
0.041666666666666664
0.15857142857142856
